% 一年中每个月天数
yr = [0 31 59 90 120 151 181 212 243 273 304 334 365];
leap_yr = [0 31 60 91 121 152 182 213 244 274 305 335 366];
